# Send Buffer on DEVICE (D) and Receive Buffer on DEVICE (D)
# Size          Latency (us)        Validation
1                      26.54
2                      26.22
4                      26.19
8                      26.20
16                     25.94
32                     25.91
64                     25.99
128                    26.89
256                    26.82
512                    26.67
1024                   26.77
2048                   26.89
4096                   27.00
8192                   27.34
16384                  28.47
32768                  32.50
65536                  37.16
131072                 38.05
262144                 43.47
524288                 54.27
1048576                78.80
2097152               121.74
4194304               208.36
